0.0000 	 0.0000
2.0000 	 0.0000
0.0000 	 4.0196
2.0022 	 3.1538
6.3077 	 0.0000
6.3082 	 4.0192
10.6154 	 0.0000
10.6155 	 4.2356
14.9231 	 0.0000
14.9231 	 4.2897
19.2308 	 0.0000
19.2308 	 4.3032
23.5385 	 0.0000
23.5385 	 4.3066
27.8462 	 0.0000
27.8462 	 4.3074
32.1538 	 0.0000
32.1538 	 4.3076
36.4615 	 0.0000
36.4615 	 4.3077
40.7692 	 0.0000
40.7692 	 4.3077
45.0769 	 0.0000
45.0769 	 4.3077
49.3846 	 0.0000
49.3846 	 4.3077
53.6923 	 0.0000
53.6929 	 4.0192
58.0000 	 0.0000
58.0022 	 3.1538
60.0000 	 0.0000
60.0000 	 4.0196
60.0000 	 7.5640
57.0979 	 7.2429
60.0000 	 10.6896
57.1557 	 10.5169
60.0000 	 13.4457
57.4206 	 13.3211
60.0000 	 15.8760
57.7077 	 15.7730
60.0000 	 18.0191
57.9742 	 17.9300
60.0000 	 19.9089
58.2125 	 19.8308
60.0000 	 21.5753
58.4235 	 21.5066
60.0000 	 23.0448
58.6098 	 22.9842
60.0000 	 24.3406
58.7741 	 24.2871
60.0000 	 25.4832
58.9190 	 25.4361
60.0000 	 26.4908
59.0467 	 26.4492
60.0000 	 27.3792
59.1594 	 27.3426
60.0000 	 28.1627
59.2588 	 28.1304
60.0000 	 28.8536
59.3464 	 28.8251
60.0000 	 29.4628
59.4268 	 29.4628
60.0000 	 30.0000
59.5041 	 30.0000
59.0083 	 30.0000
58.9889 	 29.4938
58.5124 	 30.0000
58.5076 	 29.5015
58.0165 	 30.0000
58.0153 	 29.5035
57.5207 	 30.0000
57.5204 	 29.5040
57.0248 	 30.0000
57.0247 	 29.5041
56.5289 	 30.0000
56.5289 	 29.5041
56.0331 	 30.0000
56.0331 	 29.5041
55.5372 	 30.0000
55.5372 	 29.5041
55.0413 	 30.0000
55.0413 	 29.5041
54.5455 	 30.0000
54.5455 	 29.5041
54.0496 	 30.0000
54.0496 	 29.5041
53.5537 	 30.0000
53.5537 	 29.5041
53.0579 	 30.0000
53.0579 	 29.5041
52.5620 	 30.0000
52.5620 	 29.5041
52.0661 	 30.0000
52.0661 	 29.5041
51.5702 	 30.0000
51.5702 	 29.5041
51.0744 	 30.0000
51.0744 	 29.5041
50.5785 	 30.0000
50.5785 	 29.5041
50.0826 	 30.0000
50.0826 	 29.5041
49.5868 	 30.0000
49.5868 	 29.5041
49.0909 	 30.0000
49.0909 	 29.5041
48.5950 	 30.0000
48.5950 	 29.5041
48.0992 	 30.0000
48.0992 	 29.5041
47.6033 	 30.0000
47.6033 	 29.5041
47.1074 	 30.0000
47.1074 	 29.5041
46.6116 	 30.0000
46.6116 	 29.5041
46.1157 	 30.0000
46.1157 	 29.5041
45.6198 	 30.0000
45.6198 	 29.5041
45.1240 	 30.0000
45.1240 	 29.5041
44.6281 	 30.0000
44.6281 	 29.5041
44.1322 	 30.0000
44.1322 	 29.5041
43.6364 	 30.0000
43.6364 	 29.5041
43.1405 	 30.0000
43.1405 	 29.5041
42.6446 	 30.0000
42.6446 	 29.5041
42.1488 	 30.0000
42.1488 	 29.5041
41.6529 	 30.0000
41.6529 	 29.5041
41.1570 	 30.0000
41.1570 	 29.5041
40.6612 	 30.0000
40.6612 	 29.5041
40.1653 	 30.0000
40.1653 	 29.5041
39.6694 	 30.0000
39.6694 	 29.5041
39.1736 	 30.0000
39.1736 	 29.5041
38.6777 	 30.0000
38.6777 	 29.5041
38.1818 	 30.0000
38.1818 	 29.5041
37.6860 	 30.0000
37.6860 	 29.5041
37.1901 	 30.0000
37.1901 	 29.5041
36.6942 	 30.0000
36.6942 	 29.5041
36.1983 	 30.0000
36.1983 	 29.5041
35.7025 	 30.0000
35.7025 	 29.5041
35.2066 	 30.0000
35.2066 	 29.5041
34.7107 	 30.0000
34.7107 	 29.5041
34.2149 	 30.0000
34.2149 	 29.5041
33.7190 	 30.0000
33.7190 	 29.5041
33.2231 	 30.0000
33.2231 	 29.5041
32.7273 	 30.0000
32.7273 	 29.5041
32.2314 	 30.0000
32.2314 	 29.5041
31.7355 	 30.0000
31.7355 	 29.5041
31.2397 	 30.0000
31.2397 	 29.5041
30.7438 	 30.0000
30.7438 	 29.5041
30.2479 	 30.0000
30.2479 	 29.5041
29.7521 	 30.0000
29.7521 	 29.5041
29.2562 	 30.0000
29.2562 	 29.5041
28.7603 	 30.0000
28.7603 	 29.5041
28.2645 	 30.0000
28.2645 	 29.5041
27.7686 	 30.0000
27.7686 	 29.5041
27.2727 	 30.0000
27.2727 	 29.5041
26.7769 	 30.0000
26.7769 	 29.5041
26.2810 	 30.0000
26.2810 	 29.5041
25.7851 	 30.0000
25.7851 	 29.5041
25.2893 	 30.0000
25.2893 	 29.5041
24.7934 	 30.0000
24.7934 	 29.5041
24.2975 	 30.0000
24.2975 	 29.5041
23.8017 	 30.0000
23.8017 	 29.5041
23.3058 	 30.0000
23.3058 	 29.5041
22.8099 	 30.0000
22.8099 	 29.5041
22.3140 	 30.0000
22.3140 	 29.5041
21.8182 	 30.0000
21.8182 	 29.5041
21.3223 	 30.0000
21.3223 	 29.5041
20.8264 	 30.0000
20.8264 	 29.5041
20.3306 	 30.0000
20.3306 	 29.5041
19.8347 	 30.0000
19.8347 	 29.5041
19.3388 	 30.0000
19.3388 	 29.5041
18.8430 	 30.0000
18.8430 	 29.5041
18.3471 	 30.0000
18.3471 	 29.5041
17.8512 	 30.0000
17.8512 	 29.5041
17.3554 	 30.0000
17.3554 	 29.5041
16.8595 	 30.0000
16.8595 	 29.5041
16.3636 	 30.0000
16.3636 	 29.5041
15.8678 	 30.0000
15.8678 	 29.5041
15.3719 	 30.0000
15.3719 	 29.5041
14.8760 	 30.0000
14.8760 	 29.5041
14.3802 	 30.0000
14.3802 	 29.5041
13.8843 	 30.0000
13.8843 	 29.5041
13.3884 	 30.0000
13.3884 	 29.5041
12.8926 	 30.0000
12.8926 	 29.5041
12.3967 	 30.0000
12.3967 	 29.5041
11.9008 	 30.0000
11.9008 	 29.5041
11.4050 	 30.0000
11.4050 	 29.5041
10.9091 	 30.0000
10.9091 	 29.5041
10.4132 	 30.0000
10.4132 	 29.5041
9.9174 	 30.0000
9.9174 	 29.5041
9.4215 	 30.0000
9.4215 	 29.5041
8.9256 	 30.0000
8.9256 	 29.5041
8.4298 	 30.0000
8.4298 	 29.5041
7.9339 	 30.0000
7.9339 	 29.5041
7.4380 	 30.0000
7.4380 	 29.5041
6.9421 	 30.0000
6.9421 	 29.5041
6.4463 	 30.0000
6.4463 	 29.5041
5.9504 	 30.0000
5.9504 	 29.5041
5.4545 	 30.0000
5.4545 	 29.5041
4.9587 	 30.0000
4.9587 	 29.5041
4.4628 	 30.0000
4.4628 	 29.5041
3.9669 	 30.0000
3.9669 	 29.5041
3.4711 	 30.0000
3.4711 	 29.5041
2.9752 	 30.0000
2.9752 	 29.5041
2.4793 	 30.0000
2.4793 	 29.5041
1.9835 	 30.0000
1.9835 	 29.5041
1.4876 	 30.0000
1.4876 	 29.5041
0.9917 	 30.0000
0.9917 	 29.5041
0.4959 	 30.0000
0.4959 	 29.5041
0.0000 	 30.0000
0.0000 	 29.4628
0.0000 	 28.8536
0.6333 	 28.8435
0.0000 	 28.1627
0.7359 	 28.1370
0.0000 	 27.3792
0.8390 	 27.3466
0.0000 	 26.4908
0.9525 	 26.4528
0.0000 	 25.4832
1.0805 	 25.4399
0.0000 	 24.3406
1.2254 	 24.2915
0.0000 	 23.0448
1.3896 	 22.9891
0.0000 	 21.5753
1.5759 	 21.5122
0.0000 	 19.9089
1.7871 	 19.8373
0.0000 	 18.0191
2.0267 	 17.9379
0.0000 	 15.8760
2.2983 	 15.7839
0.0000 	 13.4457
2.6064 	 13.3412
0.0000 	 10.6896
2.9558 	 10.5711
0.0000 	 7.5640
2.9070 	 7.2132
19.5898 	 22.4194
18.0677 	 22.6350
19.6619 	 20.5946
18.1331 	 20.6319
18.1887 	 18.5652
19.8939 	 18.6106
16.5252 	 22.4953
16.6155 	 20.7712
16.6710 	 19.1113
15.1089 	 20.7215
15.1692 	 19.0276
15.0464 	 22.3428
21.3174 	 19.3085
21.1083 	 20.8870
21.0141 	 22.5346
22.5338 	 21.0106
22.3955 	 22.5080
22.7759 	 19.4537
20.5036 	 16.3220
21.7904 	 17.8726
23.5058 	 17.8771
23.1203 	 15.9347
17.9154 	 16.1795
15.2385 	 17.2526
15.3369 	 15.2538
16.5675 	 17.5367
17.2864 	 25.5427
16.4420 	 25.6213
16.2618 	 24.1035
17.3636 	 24.1606
18.0795 	 24.6825
18.1023 	 25.6969
18.7829 	 24.1617
14.9519 	 23.8115
14.9499 	 24.9809
15.6003 	 25.0362
14.9581 	 25.9982
15.7026 	 25.9609
16.4767 	 26.9200
15.7069 	 26.9442
14.9514 	 26.9617
14.9300 	 27.8722
15.6737 	 27.9134
14.9032 	 28.7095
15.4389 	 28.7247
16.4361 	 28.2646
15.8879 	 28.8393
17.2788 	 26.7352
17.2456 	 27.8154
16.9043 	 28.8201
17.3652 	 28.6927
18.0681 	 27.8304
17.8920 	 28.6957
18.0978 	 26.7819
19.7782 	 26.6937
19.7048 	 27.8077
18.8783 	 28.2315
18.9292 	 26.8345
18.9340 	 25.5309
19.8406 	 25.4364
18.3485 	 28.8156
19.3693 	 28.8123
19.8284 	 28.6946
20.7572 	 25.5886
21.5016 	 26.1336
21.4005 	 27.2951
20.6290 	 26.8146
20.5176 	 27.8758
20.3496 	 28.7202
21.2287 	 28.4268
20.7910 	 28.8804
21.7862 	 28.7288
22.3201 	 28.7919
21.9233 	 28.0575
22.5085 	 28.0738
22.2865 	 27.1851
22.3023 	 26.1883
19.8609 	 23.9886
21.0626 	 24.1163
21.7459 	 25.1573
22.5943 	 25.1543
22.3693 	 23.9196
25.0747 	 22.3966
24.7915 	 23.9805
23.6060 	 23.9929
23.7431 	 22.5085
23.9286 	 21.0664
25.3373 	 20.6302
24.5989 	 25.4199
24.6220 	 26.6390
23.8011 	 26.7491
23.6235 	 25.4286
22.9795 	 26.2955
23.0972 	 27.2433
23.2342 	 28.3908
22.7722 	 28.9001
23.8980 	 27.8391
23.7574 	 28.8613
24.1841 	 28.6902
24.6000 	 27.7010
24.7097 	 28.6311
25.2546 	 27.8001
25.4514 	 26.8219
26.3391 	 26.6890
26.5379 	 27.4943
25.9429 	 27.4900
25.7923 	 28.1000
26.3252 	 28.1638
25.4368 	 25.8047
26.2899 	 25.7730
25.7746 	 28.7884
25.2521 	 28.6710
26.2905 	 28.8304
27.2758 	 27.7108
26.7781 	 28.2514
27.1874 	 26.7170
26.7973 	 28.8415
28.0097 	 27.6796
27.8419 	 28.6491
27.3024 	 28.6550
28.0177 	 26.6425
27.9808 	 25.5722
27.1398 	 25.7405
26.3952 	 22.5291
25.9839 	 23.7425
25.5255 	 24.8712
26.2531 	 24.7741
27.0857 	 24.7421
27.9082 	 24.3871
27.7079 	 22.9523
26.9083 	 23.8317
28.0522 	 21.3972
26.6689 	 21.1347
25.6175 	 18.2831
24.0206 	 19.6629
27.8358 	 17.7020
28.4930 	 19.6170
26.9555 	 19.7177
27.8870 	 15.4108
25.5769 	 15.8484
23.2439 	 13.7186
23.1719 	 11.4485
25.9080 	 13.4333
25.8270 	 11.1417
28.4937 	 10.0122
28.6745 	 12.7345
27.4922 	 7.0942
25.3210 	 9.2245
22.7184 	 9.1999
23.3297 	 6.8398
19.3642 	 6.9168
15.3033 	 7.2191
20.6536 	 11.6314
19.7241 	 9.3938
20.6600 	 13.9502
16.5485 	 9.9513
18.4821 	 11.8601
15.7369 	 12.7662
18.1321 	 13.8447
12.9832 	 12.6010
13.5055 	 10.1503
10.8694 	 7.6514
10.4377 	 11.3953
12.4933 	 15.4060
9.8901 	 14.2818
7.7417 	 12.1051
7.8595 	 10.0666
5.5496 	 9.8961
6.6186 	 7.1305
5.1376 	 12.4191
7.2727 	 14.2838
4.7368 	 14.6985
5.9031 	 22.2882
4.3515 	 22.3949
6.0197 	 20.8629
4.5193 	 21.0361
4.6299 	 19.6574
6.0898 	 19.4258
3.2028 	 19.9325
3.0403 	 21.2498
2.8504 	 22.5489
7.5599 	 19.2482
7.5273 	 20.6511
7.4892 	 22.0484
9.0383 	 20.4556
8.9999 	 22.1093
9.0061 	 18.6392
4.3846 	 16.6772
6.6083 	 16.2249
4.6416 	 18.2024
6.1216 	 17.8825
8.7479 	 16.4910
7.4194 	 17.9336
3.2924 	 18.7074
2.6563 	 24.6276
2.7058 	 25.4605
1.8879 	 25.5838
1.9335 	 24.8432
2.6427 	 23.7137
1.8271 	 26.4102
2.7006 	 26.2975
3.5744 	 26.1561
3.5359 	 25.3113
4.3395 	 24.8879
4.4427 	 25.9565
4.0263 	 23.6724
3.3765 	 24.5748
1.6758 	 28.1016
1.7577 	 27.2507
2.6786 	 27.1242
2.6633 	 27.9432
1.9578 	 28.8235
1.5407 	 29.0536
1.1884 	 28.8341
2.5205 	 28.7722
3.0175 	 28.9543
3.1401 	 28.4684
3.7136 	 28.4595
3.5119 	 28.9812
3.6465 	 27.7916
4.3502 	 28.7274
3.9348 	 29.0784
4.6246 	 27.9358
4.5029 	 26.9511
3.5932 	 26.9909
6.2450 	 26.8848
6.3212 	 27.8040
5.4931 	 27.8165
5.3823 	 26.8732
5.3323 	 25.8951
6.2082 	 25.9667
5.1897 	 28.7411
4.8408 	 28.9880
5.7440 	 28.6768
6.3287 	 28.6982
7.0625 	 25.9830
7.8910 	 25.9934
7.9049 	 26.8161
7.0807 	 26.8065
7.1395 	 27.5812
6.8587 	 28.8853
6.8581 	 28.3267
7.3224 	 28.2442
7.3731 	 28.8778
7.8470 	 28.2537
7.8816 	 28.8820
7.9390 	 27.5891
8.7142 	 26.8948
8.7546 	 27.8246
8.8668 	 28.7156
8.3820 	 28.8888
8.3139 	 28.3301
8.7004 	 25.9350
8.9157 	 23.6067
8.7166 	 24.8924
7.9184 	 25.1316
7.9752 	 24.3279
7.2123 	 24.1588
7.6700 	 23.2225
7.0876 	 25.0908
6.2040 	 25.0031
5.2896 	 24.8146
5.3148 	 23.6079
6.2802 	 24.0331
6.6204 	 23.1990
11.1044 	 25.7620
10.2679 	 25.7371
10.1427 	 24.1524
11.0866 	 24.6038
11.9927 	 24.7253
11.9289 	 25.8108
12.3736 	 23.5847
11.3430 	 23.5629
10.4838 	 22.3976
12.0806 	 22.0939
9.4177 	 25.0181
9.4870 	 25.9711
10.2889 	 27.1017
9.5031 	 26.9678
9.5169 	 27.9282
9.3928 	 28.7393
10.2613 	 28.3607
9.8445 	 28.8657
11.1362 	 26.8316
11.3882 	 27.7539
11.3915 	 28.6327
10.8373 	 28.6221
10.8708 	 27.8389
12.0209 	 27.7713
11.9408 	 28.6501
11.9358 	 26.8268
12.7153 	 25.9055
13.4956 	 25.7292
13.4559 	 27.0015
12.7008 	 26.9081
12.7101 	 27.8903
12.4690 	 28.7071
13.4337 	 28.3003
12.9098 	 28.8406
14.2044 	 26.9718
14.1896 	 27.9284
13.9141 	 28.8489
14.3679 	 28.7332
14.2239 	 25.9916
13.6078 	 24.1026
12.7384 	 24.9247
14.3016 	 25.0470
13.5707 	 22.3451
10.6153 	 18.6652
12.2180 	 18.1744
12.1136 	 20.2602
10.5710 	 20.4855
13.6075 	 20.5756
13.6690 	 18.8669
13.8783 	 17.2484
10.5703 	 16.8994
42.8235 	 16.6322
43.2840 	 18.7375
41.9143 	 19.3752
41.6835 	 17.9595
40.4089 	 17.8004
40.8699 	 16.0183
40.4530 	 19.4803
40.3559 	 13.8779
42.7719 	 14.3491
39.2567 	 16.2321
37.8934 	 14.6656
38.9189 	 17.7774
38.9348 	 19.4808
42.0972 	 20.8888
40.6454 	 21.1112
39.1712 	 21.1328
43.5467 	 20.6112
44.8507 	 18.6571
45.0317 	 20.4722
44.6866 	 16.7093
45.2296 	 14.6455
45.1314 	 12.2854
42.6477 	 12.0531
40.1682 	 11.1430
37.5362 	 12.1891
37.3708 	 17.0906
35.5341 	 17.1879
35.5391 	 14.8401
35.5791 	 19.3795
37.3274 	 19.2362
34.6532 	 12.2801
36.1674 	 21.3228
37.6749 	 21.1465
39.9064 	 25.2509
39.0552 	 25.3601
38.8132 	 24.1618
39.7387 	 24.0082
38.2775 	 25.5467
38.2309 	 24.6640
40.7304 	 24.0976
40.7947 	 25.3249
40.8364 	 22.6436
39.4499 	 22.6164
38.0852 	 22.8497
36.6933 	 24.2337
36.7288 	 22.8674
37.5935 	 24.2146
36.6486 	 25.4200
37.4882 	 25.3867
37.4786 	 26.3980
38.3070 	 26.4473
38.3158 	 27.3690
37.4886 	 27.3475
39.1429 	 26.4354
39.1491 	 27.5046
36.6411 	 26.4869
36.6668 	 27.5008
36.7444 	 28.5247
37.5068 	 28.1847
37.6568 	 28.8641
37.2111 	 28.9715
38.2763 	 28.1896
38.1633 	 28.8660
39.0135 	 28.5388
38.6092 	 28.9724
39.5793 	 28.7820
39.6329 	 28.1381
40.0921 	 28.0855
40.1152 	 28.7942
40.0653 	 27.3016
40.6410 	 28.7832
41.1620 	 28.5571
40.9968 	 27.5135
40.5548 	 28.1372
40.8782 	 26.4323
40.0018 	 26.3173
41.6622 	 25.5161
42.5307 	 25.5605
42.5958 	 26.5694
41.7406 	 26.4853
41.8396 	 27.4194
41.7876 	 28.2420
42.0469 	 28.8726
41.6378 	 28.9855
42.3391 	 28.2431
42.5371 	 28.8269
42.7278 	 27.6070
43.4999 	 27.4899
43.6174 	 28.5015
43.0227 	 28.5852
44.2564 	 27.3296
44.2558 	 28.4270
44.6834 	 28.9071
45.1295 	 28.7875
45.0086 	 28.0252
45.0169 	 27.0965
43.3889 	 25.4063
44.2270 	 25.0811
43.4222 	 26.4390
44.2279 	 26.2204
45.0302 	 26.0735
45.0862 	 24.9607
43.7864 	 22.2772
44.2334 	 23.7694
43.3696 	 24.3349
43.1424 	 23.3934
42.3853 	 23.4540
42.2755 	 22.2541
42.4810 	 24.5184
45.3997 	 23.6984
45.2108 	 22.1621
41.5995 	 24.4942
41.6455 	 23.5549
40.3781 	 7.4738
42.8047 	 9.9201
45.0397 	 9.8538
44.9437 	 7.2486
35.9303 	 7.1003
34.7551 	 9.6668
37.4424 	 9.9071
31.6466 	 12.0278
31.6950 	 13.9859
30.1045 	 14.2266
31.6420 	 9.6272
29.8497 	 15.8762
31.7512 	 15.8056
33.6465 	 15.6389
33.2893 	 14.0154
31.7718 	 7.0027
31.9599 	 19.1733
31.7968 	 17.5131
33.6724 	 17.3957
33.7151 	 19.1144
32.0356 	 20.7114
33.3910 	 20.6313
33.4498 	 22.0797
32.0764 	 22.1461
34.5886 	 20.7437
34.8917 	 22.1656
29.8750 	 17.6181
30.2291 	 19.2785
29.2762 	 22.0285
29.5137 	 20.8385
30.6641 	 22.3084
30.6843 	 20.7769
32.2559 	 23.3983
32.3100 	 24.5605
31.4165 	 24.6413
31.2748 	 23.5030
30.5790 	 24.8408
30.5922 	 23.9544
31.4389 	 25.6934
30.5782 	 25.8009
32.3163 	 25.6365
29.7441 	 24.6003
28.8397 	 24.4288
28.8794 	 23.2043
29.9156 	 23.4378
28.8523 	 25.5560
29.7196 	 25.6832
28.8326 	 28.2102
28.8647 	 27.4779
29.7267 	 27.6915
29.2582 	 28.2665
28.8673 	 26.5585
29.7190 	 26.6851
28.8007 	 28.8617
29.2909 	 28.8503
30.5360 	 27.7296
30.3408 	 28.6672
29.7885 	 28.6533
30.5719 	 26.7525
28.3150 	 28.8473
28.4051 	 28.2542
30.8197 	 28.8782
30.9704 	 28.3214
31.5206 	 28.3170
31.3055 	 28.9134
31.4195 	 27.5494
32.1554 	 28.6121
31.7195 	 29.0166
32.2739 	 27.6418
32.3085 	 26.6454
31.4359 	 26.6410
33.1893 	 28.2029
33.1866 	 27.4741
34.0903 	 27.6717
33.6394 	 28.2537
33.1909 	 26.5741
34.0665 	 26.6683
33.1955 	 28.8572
33.7033 	 28.8431
34.9279 	 27.6891
34.7733 	 28.6491
34.2061 	 28.6406
34.9322 	 26.6929
34.0800 	 25.6718
34.9432 	 25.7233
33.2026 	 25.6079
32.6813 	 28.8384
32.7390 	 28.2433
35.2751 	 28.8593
35.4151 	 28.2823
36.0087 	 28.2575
35.7836 	 28.8854
35.8148 	 27.4688
36.2200 	 28.9846
35.7876 	 26.5252
35.7932 	 25.5359
34.9676 	 24.7406
34.9644 	 23.8304
35.7968 	 24.4357
35.6619 	 23.2483
34.1231 	 24.5879
33.2256 	 24.5171
33.2888 	 23.3312
34.2729 	 23.4090
46.4254 	 18.6157
47.9561 	 17.9995
48.0285 	 20.1129
46.5387 	 20.3853
46.6555 	 22.2214
48.1081 	 22.0011
49.5954 	 22.1414
49.5465 	 20.2907
51.0568 	 20.3166
51.0822 	 21.9571
51.1163 	 18.5216
49.5317 	 18.4942
47.8630 	 15.2472
49.6496 	 16.7579
51.4275 	 16.4084
50.3896 	 14.1969
46.2692 	 16.9044
46.6181 	 25.7502
45.8287 	 26.0269
46.7260 	 24.0597
45.8271 	 25.0510
47.3804 	 25.9917
47.4591 	 25.0042
48.1581 	 24.9081
48.1495 	 26.0031
48.1653 	 23.6351
46.5762 	 27.0389
45.7987 	 27.0259
45.7843 	 27.9798
45.6386 	 28.7683
46.5563 	 28.3228
46.0840 	 28.8701
47.3512 	 26.9945
47.2814 	 27.9551
47.5190 	 28.7418
47.0847 	 28.8626
47.9383 	 27.8968
48.0351 	 28.7065
48.1411 	 27.0198
49.7134 	 27.0647
49.7110 	 28.3191
49.1015 	 28.4381
48.9767 	 27.2779
48.9270 	 26.0860
49.6854 	 25.7385
48.4722 	 27.9641
48.5694 	 28.6880
50.4821 	 26.9288
50.4664 	 27.9008
50.1454 	 28.8484
50.5980 	 28.7260
51.2319 	 27.8057
51.1250 	 28.7072
51.2651 	 26.8597
51.2593 	 25.8815
50.4719 	 25.9183
49.6610 	 23.9970
48.8706 	 25.0159
51.1373 	 23.4628
51.2405 	 24.8092
50.4987 	 24.9306
54.5797 	 25.7736
53.7267 	 25.9638
53.6757 	 25.0578
54.5094 	 24.6771
52.8843 	 25.9860
52.8358 	 25.1139
55.5031 	 24.7690
55.4782 	 25.8370
55.7443 	 23.5483
54.2049 	 23.3855
54.1028 	 22.1017
55.6152 	 22.2780
52.5929 	 21.9416
52.6654 	 23.1781
52.7530 	 24.2043
53.5215 	 24.2384
52.0259 	 25.1001
52.0179 	 24.2927
52.0638 	 25.9661
52.1444 	 28.2581
52.0526 	 27.5840
52.8601 	 27.5826
52.6687 	 28.2471
52.0734 	 26.7921
52.8977 	 26.8023
52.1076 	 28.8878
52.6096 	 28.8803
53.6968 	 27.8132
53.6059 	 28.7435
53.1074 	 28.8948
53.1300 	 28.3358
53.7385 	 26.8663
51.6096 	 28.8866
51.6773 	 28.3260
54.0782 	 28.8943
54.1332 	 28.3356
54.5720 	 28.2709
54.5578 	 28.8902
54.5912 	 27.5849
54.6038 	 26.7254
55.4917 	 27.7931
55.5145 	 28.7407
55.0385 	 28.8928
55.0115 	 28.3329
55.4869 	 26.8203
56.3578 	 26.0623
57.2448 	 26.2275
57.2676 	 27.0643
56.3793 	 26.8935
56.3875 	 27.6826
55.9946 	 28.9083
56.0036 	 28.3660
56.4313 	 28.3274
56.4727 	 28.9174
56.9470 	 28.9279
57.4059 	 28.7935
57.2483 	 27.9352
56.8645 	 28.4014
58.8753 	 28.9048
58.3910 	 28.9272
58.2791 	 28.3524
58.7802 	 28.3327
58.6511 	 27.8322
58.1842 	 27.1036
58.0252 	 27.7822
57.9049 	 28.9421
57.8475 	 28.4338
58.1416 	 26.3256
56.3522 	 25.2206
56.4881 	 24.4949
57.2584 	 24.5648
57.2196 	 25.3924
57.2627 	 23.6554
58.0724 	 25.5284
58.0274 	 24.8044
57.1275 	 22.4933
54.0234 	 20.7302
52.5439 	 20.5410
52.5268 	 19.1531
53.9745 	 19.3272
55.4115 	 19.5766
55.5010 	 20.9385
56.9668 	 21.1971
56.8145 	 19.8827
56.7340 	 18.6664
55.4160 	 18.1419
55.6897 	 16.6339
55.3646 	 14.6617
53.9662 	 17.8144
53.5240 	 16.1506
52.9159 	 14.2253
52.6937 	 17.8487
49.3883 	 7.6703
53.4888 	 7.1366
54.5977 	 9.8762
54.9929 	 12.3872
52.4952 	 12.0685
52.3580 	 10.0522
49.9411 	 11.3452
47.2767 	 10.0501
47.6121 	 12.4340
